
c1ss2= [28 27 21 20 17 13 8 2 1 ];
c1ss3= [ 29 25 23 2 1 ];

c2ss1= [26 21 9 3 1 ];
c2ss2= [30 25 20 14 10  5 1];
c2ss3= [10 6  1];

c3ss1= [4];
c3ss2= [2 15 5  ];
c3ss3= [ 3 10 1  ];

c4ss1= [3];
c4ss2= [ 1 21 16 13 ];
c4ss3= [1 30 29 28 7 ];

c5ss1= [ 19 ];
c5ss2= [1 6 3  ];
c5ss3= [ 1 11 5 4 ];

c6ss1= [   30 29 16 ];
c6ss2= [ 1 2 28 24 11 ];
c6ss3= [ 2 25 13 ];

c7ss1= [1 4 2 ];
c7ss2= [1 2 3 4];
c7ss3= [ 2 3 4];
 
c8ss1= [];
c8ss2= [ 3 29 ];
c8ss3= [5   26 13 ];

c9ss1= [];
c9ss2= [1 ];
c9ss3= [2 ];

c10ss1= [1 5 ];
c10ss2= [15 1 2 ];
c10ss3= [1 6  ];


p1ss2= [1 2 23  ];
p1ss3= [ 1 2 22 18 16 5 ];


p2ss1= [ 2 3 19 18 16 11 7 ];
p2ss2= [1 2 7 ];
p2ss3= [1 2 3 25 10 4 ];

p3ss1= [4];
p3ss2= [2 1 9 8 3 ];
p3ss3= [1 4 5 15 14 6 3 ];

p4ss1= [29 25 16 15 ];
p4ss2= [8 ];
p4ss3= [18 14 11 4 ];

p5ss1= [19 ];
p5ss2=[1 3 27 18 4 ];
p5ss3= [1 19 3 ];

p6ss1= [];
p6ss2= [1 3 4 9 7 2 ];
p6ss3= [16 ];

p7ss1= [];
p7ss2= [8 2];
p7ss3= [ 2 15 10 6  ];

p8ss1= [1 14 ];
p8ss2= [ 2 3 5  27];
p8ss3= [ 1 8 17  ];

p9ss1= [3 12 8 6 ];
p9ss2= [1 29 23 17 3 ];
p9ss3= [2 27 23 19 3 ];

p10ss1= [];
p10ss2= [3  ];
p10ss3= [2];










