c1ss1= [];
c1ss2= [];
c1ss3= [29 51 61 195 199];

c2ss1= [107 110];
c2ss2= [8 ];
c2ss3= [135 ];

c3ss1= [];
c3ss2= [ ];
c3ss3= [ 34 ];

c4ss1= [];
c4ss2= [ ];
c4ss3= [ 73];

c5ss1= [94];
c5ss2= [ ];
c5ss3= [34 40 44 51 71 101 ];

c6ss1= [33];
c6ss2= [ ];
c6ss3= [99 179:183 186];

c7ss1= [];
c7ss2= [ ];
c7ss3= [27 ];
 
c8ss1= [54 55];
c8ss2= [18 19 ];
c8ss3= [158];

c9ss1= [];
c9ss2= [11 97];
c9ss3= [74 117 154 193 ];

c10ss1= [];
c10ss2= [48  ];
c10ss3= [151 ];


p1ss1= [];
p1ss2= [2 19 48 89 92 ];
p1ss3= [23 46 58 118 121 135 136];


p2ss1= [33];
p2ss2= [4 16 28 39 46 ];
p2ss3= [2 4 9 22 29 38 67 68 76 80 82 92 114 121 131];

p3ss1= [2];
p3ss2= [];
p3ss3= [];

p4ss1= [63 65 94 ];
p4ss2= [77 82];
p4ss3= [89];

p5ss1= [72 75 76 118];
p5ss2=[];
p5ss3= [];

p6ss1= [];
p6ss2= [3 7 26 38 63 79];
p6ss3= [3 7 26 34 38 63 73 79 132];

p7ss1= [37 78 79 80 ];
p7ss2= [];
p7ss3= [156 ];

p8ss1= [73];
p8ss2= [70 97];
p8ss3= [27 ];

p9ss1= [1 2 3 11];
p9ss2= [];
p9ss3= [100];

p10ss1= [];
p10ss2= [78];
p10ss3= [];











